<svg version="1.1" width="232" height="327" viewBox="-1 -1 232 327" xmlns="http://www.w3.org/2000/svg" xmlns:xlink="http://www.w3.org/1999/xlink">
  <!-- Exported by Scratch - http://scratch.mit.edu/ -->
  <path id="ID0.2708628955297172" fill="#FFFFFF" stroke="#000000" stroke-width="11" d="M 196 159 L 284 159 L 284 307 L 196 307 L 196 159 Z " transform="matrix(1, 0, 0, 1, -125, -47)"/>
  <path id="ID0.6230865675024688" fill="#FFFFFF" stroke="#000000" stroke-width="11" d="M 236.500 10 C 258.709 10 278.834 18.236 293.407 31.541 C 307.980 44.847 317 63.222 317 83.500 C 317 103.778 307.980 122.153 293.407 135.459 C 278.834 148.764 258.709 157 236.500 157 C 214.291 157 194.166 148.764 179.593 135.459 C 165.020 122.153 156 103.778 156 83.500 C 156 63.222 165.020 44.847 179.593 31.541 C 194.166 18.236 214.291 10 236.500 10 Z " transform="matrix(0.9534883499145508, 0, 0, 1, -111.1, -4)"/>
  <path id="ID0.42802661238238215" fill="#FFFFFF" stroke="#000000" stroke-width="11" d="M 157 234 C 163.346 234 169.096 236.521 173.259 240.594 C 177.423 244.667 180 250.292 180 256.500 C 180 262.708 177.423 268.333 173.259 272.406 C 169.096 276.479 163.346 279 157 279 C 150.654 279 144.904 276.479 140.741 272.406 C 136.577 268.333 134 262.708 134 256.500 C 134 250.292 136.577 244.667 140.741 240.594 C 144.904 236.521 150.654 234 157 234 Z " transform="matrix(1, 0, 0, 1, -128, -31)"/>
  <path id="ID0.42802661238238215" fill="#FFFFFF" stroke="#000000" stroke-width="11" d="M 157 234 C 163.346 234 169.096 236.521 173.259 240.594 C 177.423 244.667 180 250.292 180 256.500 C 180 262.708 177.423 268.333 173.259 272.406 C 169.096 276.479 163.346 279 157 279 C 150.654 279 144.904 276.479 140.741 272.406 C 136.577 268.333 134 262.708 134 256.500 C 134 250.292 136.577 244.667 140.741 240.594 C 144.904 236.521 150.654 234 157 234 Z " transform="matrix(1, 0, 0, 1, 45, -31.5)"/>
  <path id="ID0.6589587717317045" fill="#FFFFFF" stroke="#000000" stroke-width="11" d="M 179 327 L 253 327 L 253 358 L 179 358 L 179 327 Z " transform="matrix(1, 0, 0, 1, -153, -38)"/>
  <path id="ID0.6589587717317045" fill="#FFFFFF" stroke="#000000" stroke-width="11" d="M 179 327 L 253 327 L 253 358 L 179 358 L 179 327 Z " transform="matrix(1, 0, 0, 1, -60, -38.5)"/>
  <path id="ID0.7224196679890156" fill="none" stroke="#000000" stroke-width="11" d="M 220.500 69 C 227.811 69 234.436 71.913 239.233 76.620 C 244.031 81.327 247 87.827 247 95 C 247 102.173 244.031 108.673 239.233 113.380 C 234.436 118.087 227.811 121 220.500 121 C 213.189 121 206.564 118.087 201.767 113.380 C 196.969 108.673 194 102.173 194 95 C 194 87.827 196.969 81.327 201.767 76.620 C 206.564 71.913 213.189 69 220.500 69 Z " transform="matrix(0.920634925365448, 0, 0, 0.920634925365448, -119.1, -25)"/>
  <path id="ID0.7695212792605162" fill="#000000" stroke="none" d="M 211 77 C 215.966 77 220.466 79.017 223.725 82.275 C 226.983 85.534 229 90.034 229 95 C 229 99.966 226.983 104.466 223.725 107.725 C 220.466 110.983 215.966 113 211 113 C 206.034 113 201.534 110.983 198.275 107.725 C 195.017 104.466 193 99.966 193 95 C 193 90.034 195.017 85.534 198.275 82.275 C 201.534 79.017 206.034 77 211 77 Z " transform="matrix(0.6958333253860474, 0, 0, 0.714144766330719, -63.3, -6.85)"/>
  <path id="ID0.7224196679890156" fill="none" stroke="#000000" stroke-width="11" d="M 220.500 69 C 227.811 69 234.436 71.913 239.233 76.620 C 244.031 81.327 247 87.827 247 95 C 247 102.173 244.031 108.673 239.233 113.380 C 234.436 118.087 227.811 121 220.500 121 C 213.189 121 206.564 118.087 201.767 113.380 C 196.969 108.673 194 102.173 194 95 C 194 87.827 196.969 81.327 201.767 76.620 C 206.564 71.913 213.189 69 220.500 69 Z " transform="matrix(0.920634925365448, 0, 0, 0.920634925365448, -57, -26.5)"/>
  <path id="ID0.7695212792605162" fill="#000000" stroke="none" d="M 211 77 C 215.966 77 220.466 79.017 223.725 82.275 C 226.983 85.534 229 90.034 229 95 C 229 99.966 226.983 104.466 223.725 107.725 C 220.466 110.983 215.966 113 211 113 C 206.034 113 201.534 110.983 198.275 107.725 C 195.017 104.466 193 99.966 193 95 C 193 90.034 195.017 85.534 198.275 82.275 C 201.534 79.017 206.034 77 211 77 Z " transform="matrix(0.6958333253860474, 0, 0, 0.714144766330719, -1.75, -6.85)"/>
  <path id="ID0.34058459755033255" fill="none" stroke="#000000" stroke-width="10" stroke-linecap="round" d="M 200 142 L 281 143 " transform="matrix(1, 0, 0, 1, -128, -31)"/>
</svg>